  0.136       -1.0400E-003   
  0.272       -1.0772E-002   
  0.408       -1.6804E-002   
  0.544       -1.9852E-002   
  0.680       -2.2037E-002   
  0.816       -2.2346E-002   
  0.952       -2.1054E-002   
   1.088      -1.8846E-002   
   1.224      -1.7269E-002   
   1.360      -1.5765E-002   
   1.496      -1.4792E-002   
   1.632      -1.4085E-002   
   1.769      -1.3731E-002   
   1.905      -1.3381E-002   
   2.041      -1.2935E-002   
   2.177      -1.2386E-002   
   2.313      -1.2046E-002   
   2.449      -1.1658E-002   
   2.585      -1.1295E-002   
   2.721      -1.0834E-002   
   2.857      -1.0028E-002   
   2.993      -9.7942E-003   
   3.129      -9.3317E-003   
   3.265      -9.0019E-003   
   3.402      -8.7501E-003   
   3.538      -8.5000E-003   
   3.674      -8.4005E-003   
   3.810      -8.3119E-003   
   3.946      -8.2102E-003   
   4.082      -8.1005E-003   
